3
4
10
20
3
8
78
5
3
2
80
288
3
13
2
1
1
1
3
0
11
48
4
118
175
112
200
99
25
26
9
118
4
3
47
93
26
2
2
2
182
81
194
65
12
38
38
3
39
127
34
94
67
256
291
6
74
1
106
35
104
95
4
3
147
4
67
190
#N/A
121
70
72
69
104
130
48
34
207
67
66
127
43
39
4
107
7
121
28
27
7
14
48
41
74
109
38
88
137
42
208
26
54
194
32
72
114
#N/A
111
4
142
3
3
5
71
57
125
57
51
114
68
27
59
12
21
75
4
62
34
7
54
98
64
101
62
23
32
14
15
13
18
313
81
221
91
89
285
89
54
88
79
34
#N/A
91
4
24
145
181
117
45
#N/A
79
40
208
79
72
2
341
86
8
22
56
21
43
11
103
76
52
35
24
24
27
37
40
23
82
164
96
240
98
28
35
57
67
78
4
44
46
29
7
35
#N/A
6
#N/A
#N/A
23
64
#N/A
3
61
106
7
42
53
24
50
33
106
30
61
41
313
96
4
50
12
102
8
9
64
147
53
30
23
142
34
#N/A
149
171
66
103
98
64
160+
63
107
60
75
28
11
6
98
127
109
140
97
9
49
82
95
39
6
#N/A
25
12
10
146
142
39
23
#N/A
118
31
11
15
52
30
142
3
120
76
66
4
35
70
98
146
83
190
67
40
34
72
#N/A
33
16
35
13
10
9
34
99
134
79
12
33
97
146
87
31
22
47
72
55
77
43
43
131
70
17
99
28
22
14
12
40
110
28
29
91
59
78
181
72
10
11
50
37
20
28
70
35
19
67
48
56
53
123
52
15
145
#N/A
82
33
107
86
105
104
23
41
56
38
31
97
32
50
27
14
24
85
79
14
33
46
28
151
41
88
50
75
83
107
74
98
25
53
62
122
90
19
30
28
71
58
50
55
142
70
74
34
63
25
44
21
41
25
53
4
55
22
25
25
59
32
54
34
36
38
38
41
41
3
42
46
51
70
63
62
66
68
75
103
124
130
106
96
96
160
125
143
2
89
#N/A
73
23
70
47
105
42
51
40
2
46
#N/A
189
1
4
10
26
99
82
37
45
99
2
53
2
32
50
0
1
77
7
9
97
8
63
37
2
3
47
4
51
5
8
79
5
12
11
62
8
1
11
24
19
5
19
2
74
13
28
4
51
24
94
56
44
12
2
34
36
5
95
117
#N/A
227
165
131
#N/A
#N/A
26
#N/A
2
5
37
23
3
73
29
6
20
5
24
103
23
19
4
11
4
1
7
22
20
2
45
63
31
6
28
21
9
11
11
2
144
2
2
97
43
64
113
71
2
142
162
111
96
47
15
26
32
80
37
77
85
30
25
12
1
55
1
55
35
10
33
0
10
103
5
28
36
17
26
1
202
61
#N/A
2
3
62
3
22
4
#N/A
8
30
16
2
1
42
5
2
6
4
2
2
2
#N/A
5
