3
0
2
15
2
1
8
1
0
0
4
38
0
4
0
0
0
0
0
0
0
11
1
4
9
11
32
12
6
11
3
25
2
2
1
15
1
0
0
0
45
9
172
26
0
4
4
1
13
21
2
1
7
76
61
0
8
0
21
8
7
12
0
0
8
0
29
7
#N/A
13
17
51
9
17
9
10
7
20
8
15
11
1
1
1
10
0
2
4
9
0
4
3
15
3
19
6
8
26
7
24
7
2
77
5
11
24
#N/A
28
0
8
2
0
0
15
8
11
6
21
15
9
4
5
1
0
28
1
5
2
0
3
2
14
11
3
5
5
4
3
18
9
25
15
20
10
16
44
16
4
10
14
1
#N/A
14
1
8
26
31
11
10
#N/A
13
8
18
20
8
1
49
26
0
1
1
1
2
1
1
2
1
8
2
4
0
7
4
7
21
26
17
25
11
8
10
6
14
17
0
5
19
4
1
19
#N/A
2
#N/A
#N/A
0
16
#N/A
1
12
11
4
8
11
5
6
7
14
1
11
0
58
6
0
1
2
6
0
0
10
51
9
5
2
35
5
#N/A
16
9
9
24
24
6
33+
1
63
15
5
8
2
1
20
12
13
12
11
3
9
19
5
0
0
#N/A
1
0
0
5
1
4
1
#N/A
16
1
4
2
3
6
10
1
9
11
5
0
6
17
9
10
19
16
7
10
1
11
#N/A
19
4
0
0
0
5
10
15
12
6
1
3
23
15
8
3
22
2
20
13
2
3
15
12
3
1
0
0
0
1
0
4
13
4
7
21
10
20
41
16
3
5
5
7
2
2
2
2
1
9
4
6
5
5
2
1
14
#N/A
15
0
18
11
16
17
1
26
11
7
2
8
4
5
1
0
2
7
11
4
10
0
0
16
4
12
14
2
24
4
3
3
5
9
6
3
6
0
3
1
9
20
10
2
50
10
6
1
5
8
5
1
1
2
11
0
6
1
11
3
2
4
11
5
6
2
11
2
8
0
4
8
15
16
9
7
1
2
0
31
5
13
17
6
31
25
18
15
0
33
#N/A
20
7
5
5
18
8
25
12
1
7
#N/A
58
0
2
1
6
27
3
4
0
12
0
2
0
0
9
0
1
1
1
3
13
1
3
1
0
2
14
0
12
2
2
3
0
1
3
9
1
0
0
3
0
0
0
1
3
0
5
0
2
2
10
8
1
na
1
2
2
1
22
6
#N/A
10
21
29
#N/A
#N/A
2
#N/A
0
6
0
4
1
5
1
1
5
25
4
24
2
2
2
2
1
0
0
10
15
0
5
6
5
2
5
11
2
0
8
0
30
0
2
18
21
13
20
15
1
49
22
30
32
4
12
2
3
23
8
30
39
4
4
9
0
4
1
2
5
0
1
1
0
14
0
2
4
0
5
0
26
11
#N/A
0
1
16
0
0
0
#N/A
1
2
2
0
1
10
1
0
3
0
0
0
2
#N/A
4
