4
0
5
39
5
4
156
10
1
0
60
345
1
20
2
1
3
2
3
0
6
72
2
56
109
146
234
136
21
65
29
203
2
3
35
137
9
1
1
2
266
98
441
230
13
51
22
3
48
202
22
28
40
434
341
0
60
1
120
40
125
131
3
2
113
3
113
81
#N/A
106
217
355
76
155
74
61
45
274
92
91
79
23
16
7
79
7
21
28
43
4
16
26
143
46
187
36
50
159
46
189
34
14
354
21
67
160
#N/A
198
5
154
2
3
0
138
65
115
53
101
167
59
39
51
4
8
103
11
68
13
6
22
71
51
92
39
25
36
12
14
38
36
305
119
234
87
110
322
139
62
66
95
13
#N/A
140
2
39
223
185
125
47
#N/A
80
50
342
121
72
9
398
124
0
12
10
9
19
8
49
22
14
54
27
12
8
36
28
28
123
214
103
230
70
40
37
48
75
99
1
25
85
43
1
80
#N/A
4
#N/A
#N/A
3
78
#N/A
1
57
99
5
37
62
34
26
46
198
9
49
25
321
31
2
18
8
123
3
7
55
251
66
29
18
278
41
#N/A
137
145
70
135
188
53
190+
38
181
90
32
38
10
13
130
156
76
87
72
4
39
99
100
12
1
#N/A
19
5
5
72
54
27
10
#N/A
141
39
16
14
52
33
116
2
122
71
61
2
42
95
43
117
87
186
39
51
9
56
#N/A
76
13
8
15
7
6
57
115
105
40
13
16
134
163
77
37
22
35
92
90
45
70
65
113
36
10
22
6
8
6
12
49
151
25
35
149
82
115
268
110
5
19
47
48
10
10
31
32
10
83
52
56
48
48
22
22
197
#N/A
111
21
145
81
121
150
11
71
71
31
18
97
44
51
28
2
12
38
86
7
38
27
14
240
23
96
66
42
122
49
41
62
25
67
46
50
82
6
12
12
60
107
51
22
301
74
98
13
62
10
39
24
17
12
41
3
40
9
35
26
14
30
40
13
33
20
47
8
65
2
33
43
121
88
46
42
19
89
14
182
82
135
131
65
110
243
242
160
5
134
#N/A
152
29
73
36
155
37
126
46
3
50
#N/A
361
1
5
48
29
173
93
26
12
66
0
43
0
12
61
0
1
6
12
9
75
7
24
25
3
2
69
2
63
6
22
50
0
12
17
153
3
1
0
19
2
2
2
2
30
3
30
0
35
15
45
59
19
3
4
14
31
10
99
99
#N/A
174
115
151
#N/A
#N/A
32
#N/A
1
9
12
23
2
46
6
1
26
11
29
39
20
10
1
9
2
2
3
29
39
1
50
51
30
2
30
33
4
3
9
1
228
2
2
243
84
68
93
54
1
192
187
208
152
43
38
15
38
135
45
138
168
25
25
28
0
24
1
34
32
5
14
2
15
79
3
26
100
8
51
2
218
79
#N/A
1
3
153
2
17
2
#N/A
5
5
11
0
5
73
5
2
11
2
2
2
6
#N/A
6
