2215001545
2215800010
2215000573
2215500030
2215001212
2315990006
2215001178
2215001281
2215000052
2215500089
2215001069
2215002035
2215000275
2215500143
2215001407
2215001377
2215500005
2215500066
2215000316
2215800005
2215001972
2215000894
2215001279
2215001468
2215001504
2215000328
2215500088
2215500173
2215500055
2215500077
2215500130
2215000523
2215000084
2215001435
2215001189
2215800011
2215000260
2215001169
2215000445
2215001214
2215500171
2215500174
2215500064
2215500103
2215500155
2215500009
2215500152
2215500052
2215001393
2215001153
2215000698
2215000583
2215000614
2215001867
2215000584
2215001295
2215000622
2215000860
2215001812
2215000530
2215001022
2215000919
2215001763
2215000952
2215000958
2215500079
2215500138
2215500094
2215001207
2215000574
2215001994
2215001473
2215001761
2215001706
2215000555
2215000716
2215001732
2215000728
2215001341
2215001073
2215001800
2215001775
2215000384
2215800014
2215000002
2215001752
2215000022
2215000428
2215001935
2215000484
2215500154
2215500132
2215000274
2215001193
2215001889
2215001607
2215000470
2215000265
2215001513
2215000974
2215000621
2215001906
2215001541
2215000792
2215000818
2215001913
2215001135
2215000816
2215000411
2215500104
2215500048
2215500081
2215001020
2215000155
2215000554
2215001201
2215000248
2215001202
2215001736
2215001709
2215000144
2215001125
2215001699
2215800024
2215001733
2215000135
2215001123
2215000081
2215001274
2215001339
2215000939
2215500012
2215500107
2215500022
2215500018
2215500150
2215500019
2215500060
2215500175
2215500036
2215001596
2215002007
2215000097
2215001225
2215001650
2215001352
2215001855
2215000505
2215000590
2215000527
2215000306
2115800013
2215000011
2215800032
2215500075
2215001780
2215000872
2215001299
2215001017
2215800009
2215000410
2215000229
2215001653
2215001122
2215000636
2215800019
2215001079
2215000906
2215000039
2215000151
2215001723
2215001443
2215800027
2215800028
2215001029
2215001163
2215000211
2215500146
2215500118
2215500167
2215500091
2215500127
2215500121
2215500109
2215001092
2215001014
2215001056
2215000598
2215001713
2215000338
2215000355
2215000312
2215001002
2215000408
2215001109
2215001323
2215500093
2215500025
2215500057
2215500099
2215000354
2215000029
2215000488
2215000040
2215001629
2215001152
2215000237
2215001090
2215000436
2215000385
2315990051
2215001366
2215000087
2215000628
2215001537
2215000300
2215000373
2215001403
2215001569
2215000631
2215001258
2215000363
2215800015
2215000773
2215000953
2215001494
2215000019
2215001711
2215500136
2215500122
2215500112
2215500041
2215500142
2215000884
2215001508
2215500016
2215000865
2215001815
2215000008
2215000399
2215000940
2215000601
2215001565
2215001191
2215800033
2215001561
2215000069
2215500056
2215500131
2215500162
2215001751
2215000821
2215000679
2215000104
2215000883
2215001564
2215000337
2215000800
2215000146
2215001567
2215001669
2215500059
2215000571
2215001329
2215002036
2215000105
2215001257
2215000857
2215000419
2215500046
2215500148
2215500139
2115500045
2115500102
2215500144
2215500023
2215000182
2215500097
2215000785
2215000476
2215001384
2215500042
2215001132
2215000895
2215001402
2215000335
2215002024
2215000333
2215000409
2215000783
2215001273
2215001725
2215500098
2215000971
2215001053
2215002017
2215000423
2215001860
2215500159
2215500102
2215500040
2215500028
2215500125
2215500017
2215500145
2215000632
2215001904
2215000288
2215800003
2215500169
2215000560
2215000208
2215000907
2215002066
2215001316
2215000908
2215000164
2215000912
2215001557
2215001612
2215001235
2215001991
2215001465
2215001599
2215500033
2215500027
2215500172
2215500168
2215000634
2215000319
2215000674
2215000438
2215001777
2215500123
2215001462
2215000607
2215000037
2215001452
2215001140
2215001920
2215500114
2215500010
2215000582
2215001024
2215001230
2215000025
2215000670
2215000509
2215001985
2215001670
2215000295
2215001175
2215001926
2215001543
2215000786
2215001489
2215500054
2215001924
2215500086
2215001361
2215001389
2215000903
2215000490
2215500113
2215000433
2215001643
2215000058
2215500111
2215000531
2215500087
2215500151
2215500082
2215001134
2215001597
2215001187
2215000483
2215000478
2215000169
2215001063
2215001375
2215001836
2215001716
2215000368
2215500014
2215000918
2215001368
2215001043
2215000956
2215000935
2215000095
2215500158
2215000372
2215000259
2215000557
2215500071
2215000699
2215000340
2215000620
2215500135
2215000966
2215500044
2215000302
2215000167
2215000838
2315990039
2215001359
2215000503
2215500031
2215001832
2215001131
2215001293
2215500034
2215500177
2215500035
2215000542
2215500156
2315990033
2215500047
2215001485
2215500161
2215000747
2215500176
2215001372
2215001772
2215500141
2215000057
2215001605
2215001893
2215000689
2215001829
2215001680
2215001301
2215000429
2215001116
2215001444
2215002021
2215000061
2215001511
2215001665
2215001289
2215001941
2315990027
2215001170
2215000653
2215000909
2215000473
2215001582
2215000810
2215001412
2215000665
2215000565
2215000174
2215800017
2215001897
2215800023
2215001717
2215800004
2215000801
2215000877
2215001492
2215000992
2215000392
2215001554
2215001774
2215000913
2215800029
2215800008
2215800016
2215800030
2215800022
2215800007
2215800013
2215800026
2215800025
2215800012
2215800006
2215800031
2215800018
2215001505
2215001908
2215000283
2215000018
2215000861
2215001008
2215001506
2215001413
2215000866
2215001803
2215002049
2215000814
2215000771
2215000765
2215001781
2215000401
2215000902
2215001205
2215001886
2215001523
2215000623
2215000638
2215001345
2215000714
2215001353
2215001111
2215000255
2215001943
2215001388
2215000477
2215000493
2215001559
2315990015
2215500038
2215500006
2215000183
2215500058
2215500062
2215500165
2215001744
2215001642
2215500020
2315990047
2215000180
2215500085
2215000227
2215500080
2215500067
2215500110
2215500015
2215500147
2215500069
2215500134
2215500051
2215500049
2215500126
2115500154
2215500039
2215500068
2215500116
2215500083
2215500007
2215500032
2215500117
2215500053
2215500160
2215500170
2215500133
2215500074
2215500164
2215500008
2215500124
2215500004
2215500140
2215500092
2215500096
2215001117
2215001718
2215000201
2215000106
2215001973
2215001229
2215000026
2215500043
2215000117
2215000242
2215001606
2215000954
2215000230
2215500101
2215000426
2215000681
2215000170
2215000556
2215000286
2215001840
2215001768
2215000881
2215001365
2215800002
2215800021
2215800020
2215000888
2215001644
2215000768
2215001593
2215001130
2215000460
2215000830
2215000649
2215001265
2215000119
2215001693
2215000981
2215500153
2215500076
2215500001
2215500011
2215500078
2215500108
2215500166
2215500100
2215500163
2215500178
2215500105
2215500013
2215500129
2215500073
2215500065
2215500021
2215500179
2215500115
2215500157
2215500137
2215500119
2215500037
2215500084
2215500002
2215500149
2215500045
